domain
163.com
1drv.com
1rx.io
2mdn.net
2miners.com
33across.com
360.cn
360yield.com
3gppnetwork.org
3lift.com
4dex.io
a-mo.net
a-msedge.net
a2z.com
aaplimg.com
accuweather.com
acronis.com
acsechocaptiveportal.com
acuityplatform.com
ad-delivery.net
ad.gt
adblockplus.org
adcolony.com
addthis.com
adentifi.com
adform.net
adgrx.com
adguard.com
adition.com
adjust.com
adkernel.com
adlightning.com
admanmedia.com
adnxs-simple.com
adnxs.com
adobe.com
adobe.io
adobedtm.com
adobelogin.com
adobess.com
adotmob.com
adriver.ru
adroll.com
adrta.com
ads-twitter.com
adsafeprotected.com
adscale.de
adsco.re
adsmoloco.com
adsrvr.org
adswizz.com
adtelligent.com
adtng.com
advertising.com
afcdn.net
agkn.com
agora.io
aiv-cdn.net
aiv-delivery.net
akadns.net
akamai.com
akamai.net
akamaiedge.net
akamaihd.net
akamaized.net
akaquill.net
akstat.io
algolia.net
alibaba.com
alibabadns.com
alibabausercontent.com
alicdn.com
aliexpress.com
aliyun.com
aliyuncs.com
allawnos.com
amap.com
amazon-adsystem.com
amazon.co.uk
amazon.com
amazon.de
amazon.dev
amazonalexa.com
amazonaws.com
amazontrust.com
amazonvideo.com
amemv.com
americanexpress.com
amplitude.com
ampproject.net
ampproject.org
android.com
aniview.com
anker-in.com
anydesk.com
anythinktech.com
aol.com
ap4r.com
app-measurement.com
appcenter.ms
appier.net
apple-cloudkit.com
apple-dns.net
apple.com
apple.news
applovin.com
applvn.com
appsflyer.com
appsflyersdk.com
appspot.com
arin.net
arlo.com
arubanetworks.com
atlassian.com
atomile.com
attn.tv
autodesk.com
avast.com
avcdn.net
avira.com
aws.dev
azure-devices.net
azure.com
azureedge.net
azurefd.net
azurewebsites.net
b-cdn.net
b-msedge.net
baidu.com
bamgrid.com
battle.net
bazaarvoice.com
bbc.co.uk
bbci.co.uk
belkin.com
betweendigital.com
beyla.site
bfmio.com
bidmachine.io
bidr.io
bidswitch.net
bigo.sg
bigolive.tv
bilibili.com
binance.com
bing.com
bingapis.com
bitdefender.com
bitdefender.net
bitmoji.com
blizzard.com
blogspot.com
bluekai.com
booking.com
bootstrapcdn.com
bounceexchange.com
box.com
branch.io
brave.com
braze.com
brightcloud.com
browser-intake-datadoghq.com
bstatic.com
bt.co
btloader.com
bttrack.com
bugsnag.com
bytefcdn-oversea.com
bytefcdn-ttpeu.com
byteglb.com
byteoversea.com
byteoversea.net
bytetcdn.com
canva.com
capcut.com
capcutapi.com
capitaloneshopping.com
casalemedia.com
cbsivideo.com
cdn-apple.com
cdn77.org
cdninstagram.com
cedexis-radar.net
cedexis-test.com
cedexis.com
cedexis.net
centrastage.net
chartbeat.com
chartbeat.net
chartboost.com
chaturbate.com
checkpoint.com
cisco.com
clarity.ms
clarium.io
clicktale.net
cloudapp.net
cloudflare-dns.com
cloudflare.com
cloudflare.net
cloudflareclient.com
cloudflareinsights.com
cloudfront.net
cloudfunctions.net
cloudinary.com
cnn.com
coloros.com
colossusssp.com
comcast.net
comodoca.com
company-target.com
confiant-integrations.net
connatix.com
connectad.io
contentsquare.net
contentstack.io
contextweb.com
conviva.com
cookiebot.com
cookielaw.org
cootlogix.com
cos-rd.com
cquotient.com
crashlytics.com
crazyegg.com
createjs.com
creativecdn.com
criteo.com
criteo.net
crwdcntrl.net
cspserver.net
ctmail.com
cxense.com
dailymail.co.uk
dailymotion.com
dashlane.com
datadoghq.com
datto.com
dbankcdn.cn
dbankcdn.com
dbankcloud.cn
dbankcloud.com
ddns.net
deepintent.com
dell.com
demdex.net
didiglobal.com
digicert.com
discord.com
discord.gg
discord.media
discordapp.com
discordapp.net
disqus.com
disquscdn.com
dns.google
docker.com
docker.io
doppiocdn.com
dotomi.com
doubleclick.net
doubleverify.com
douyincdn.com
douyinliving.com
drmgms.com
dropbox-dns.com
dropbox.com
dropboxapi.com
dssott.com
duckdns.org
duckduckgo.com
duolingo.com
dwin1.com
dynamicyield.com
dynatrace.com
dyndns.org
e-msedge.net
e-planning.net
ea.com
easy4ipcloud.com
ebay.com
ebaystatic.com
edgecastcdn.net
edgecastdns.net
edgekey.net
edgesuite.net
elasticbeanstalk.com
emxdgt.com
entrust.net
epicgames.com
epicgames.dev
eset.com
espn.com
espncdn.com
eu-1-id5-sync.com
eu.org
eum-appdynamics.com
everesttech.net
evidon.com
example.com
exelator.com
expedia.com
eyeota.net
ezvizlife.com
facebook-hardware.com
facebook.com
facebook.net
fast.com
fastclick.net
fastly-insights.com
fastly.net
fb.com
fbcdn.net
fbpigeon.com
fbsbx.com
firebaseio.com
firefox.com
firetvcaptiveportal.com
fitbit.com
flashtalking.com
flurry.com
fontawesome.com
footprint.net
force.com
forgeofempires.com
forter.com
fortinet.net
foxnews.com
freefiremobile.com
fullstory.com
fwmrm.net
gamepass.com
garena.com
garmin.com
gcdn.co
gemius.pl
geoedge.be
geotrust.com
getpocket.com
gfx.ms
ggpht.com
giphy.com
github.com
github.io
githubusercontent.com
globalsign.com
globo.com
glpals.com
gmail.com
go-mpulse.net
go.com
godaddy.com
gog.com
google-analytics.com
google.ca
google.cn
google.co.id
google.co.in
google.co.jp
google.co.uk
google.com
google.com.au
google.com.br
google.com.hk
google.com.mx
google.com.sa
google.com.tr
google.com.ua
google.com.vn
google.de
google.es
google.fr
google.it
google.nl
google.pl
google.ru
googleadservices.com
googleapis.cn
googleapis.com
googleoptimize.com
googlesyndication.com
googletagmanager.com
googletagservices.com
googleusercontent.com
googlevideo.com
googlezip.net
gos-gsp.io
gotinder.com
grafana.com
grammarly.com
grammarly.io
gravatar.com
gstatic.com
gumgum.com
gvt1.com
gvt2.com
gvt3.com
hbo.com
heapanalytics.com
helium.io
here.com
herokuapp.com
heytapdl.com
heytapmobi.com
heytapmobile.com
hicloud.com
highwebmedia.com
hik-connect.com
histats.com
home-assistant.io
homedepot.com
honeywell.com
hotjar.com
hotjar.io
hotmail.com
hoyoverse.com
hp.com
huawei.com
hubble.in
hubspot.com
hulu.com
hwcdn.net
i18n-pglstatp.com
ibytedtos.com
ibyteimg.com
icloud-content.com
icloud.com
id5-sync.com
identrust.com
ifconfig.io
igamecj.com
igodigital.com
imgur.com
imolive2.com
imotech.tech
imrworldwide.com
indeed.com
indexww.com
inmobi.com
inmobicdn.net
inner-active.mobi
innovid.com
insightexpressai.com
instagram.com
intel.com
intentiq.com
intercom.io
intuit.com
ip-api.com
ipify.org
ipinfo.io
ipredictive.com
ironsrc.mobi
isappcloud.com
isnssdk.com
ispot.tv
isprog.com
jhkkjkj.com
joinhoney.com
jquery.com
js7k.com
jsdelivr.net
jtvnw.net
justpremium.com
jwplayer.com
jwpsrv.com
kampyle.com
kargo.com
kaspersky-labs.com
kaspersky.com
king.com
klaviyo.com
kochava.com
krxd.net
kwai-pro.com
kwai.net
kwaipros.com
kwcdn.com
kwimgs.com
kzhi.tech
l-msedge.net
lastline.com
launchdarkly.com
lencr.org
lenovo.com
lge.com
lgtvcommon.com
lgtvsdp.com
liadm.com
licdn.com
life360.com
liftoff-creatives.io
liftoff.io
lijit.com
like.video
likee.video
line-apps.com
linkedin.com
list-manage.com
litix.io
live.com
live.net
livechatinc.com
liveperson.net
lkqd.net
llnwi.net
logicnow.us
loopme.me
ltwebstatic.com
lync.com
mail.ru
mapbox.com
market-trk.com
mathtag.com
max.com
mcafee.com
me.com
media-amazon.com
media.net
mediago.io
mediatek.com
mediavine.com
meethue.com
mega.co.nz
meraki.com
mercadolibre.com
meson.ai
mfadsrvr.com
mgid.com
mi-img.com
mi.com
microsoft.com
microsoftonline.com
mikrotik.com
mintegral.net
minutemedia-prebid.com
miui.com
miwifi.com
mixpanel.com
mmechocaptiveportal.com
moatads.com
moatpixel.com
moengage.com
monetate.net
mookie1.com
mozaws.net
mozgcp.net
mozilla.com
mozilla.net
mozilla.org
mparticle.com
msauth.net
msecnd.net
msedge.net
msftauth.net
msftconnecttest.com
msftncsi.com
msidentity.com
msn.com
mwbsys.com
mycdn.me
mynetname.net
myqcloud.com
myqnapcloud.com
mythad.com
mzstatic.com
n-able.com
nakheelteam.cc
naver.com
naver.jp
ne.jp
nel.goog
nelreports.net
nest.com
netflix.com
netflix.net
netgear.com
newrelic.com
nextdoor.com
nflxext.com
nflximg.com
nflximg.net
nflxso.net
nflxvideo.net
nintendo.net
nist.gov
no-ip.com
nordvpn.com
norton.com
notion.so
nr-data.net
ntp.org
ntppool.org
nubank.com.br
nvidia.com
nytimes.com
oath.cloud
oculus.com
office.com
office.net
office365.com
ojsbdjn.com
omnitagjs.com
omtrdc.net
on.aws
one.one
onedrive.com
onenote.net
onesignal.com
onetag-sys.com
onetrust.com
onetrust.io
online-metrix.net
openai.com
opendns.com
openx.net
opera.com
oppomobile.com
optimizely.com
oraclecloud.com
oribi.io
outbrain.com
outbrainimg.com
outlook.com
overwolf.com
ovscdns.net
paloaltonetworks.com
pandasecurity.com
pandora.com
pangle-b.io
pangle.io
parsely.com
paypal.com
pbstck.com
peacocktv.com
pendo.io
permutive.app
permutive.com
phicdn.net
philips.com
phncdn.com
piano.io
pinimg.com
pinterest.com
piojm.tech
pippio.com
pitaya-clientai.com
pki.goog
playrix.com
playstation.com
playstation.net
plex.direct
plex.tv
pluto.tv
pndsn.com
polyfill.io
pornhub.com
postrelease.com
presage.io
primis.tech
privacy-center.org
privacymanager.io
pstatic.net
pstatp.com
pubmatic.com
pubmnet.com
pubnative.net
pullcf.com
pullcm.com
pusher.com
pushimg.com
pvp.net
px-cloud.net
qlivecdn.com
qq.com
qualtrics.com
quantcast.com
quantcount.com
quantserve.com
quantummetric.com
quickconnect.to
quora.com
rainberrytv.com
rainbird.com
rapid7.com
ravm.tv
rayjump.com
rbxcdn.com
realsrv.com
recaptcha.net
redd.it
reddit.com
redditmedia.com
redditstatic.com
remotepc.com
revcontent.com
rezync.com
rfihub.com
richaudience.com
ring.com
rings.solutions
riotcdn.net
riotgames.com
rkdms.com
rlcdn.com
roblox.com
rocket-cdn.com
rockstargames.com
roku.com
root-servers.net
rqmob.com
rqtrk.eu
rubiconproject.com
s-msedge.net
s-onetag.com
safebrowsing.apple
safedk.com
salesforce.com
salesforceliveagent.com
samba.tv
samplicio.us
samsung.com
samsungacr.com
samsungapps.com
samsungcloud.com
samsungcloud.tv
samsungcloudsolution.com
samsungcloudsolution.net
samsungdm.com
samsungelectronics.com
samsungiotcloud.com
samsungknox.com
samsungnyc.com
samsungosp.com
samsungqbe.com
samsungrs.com
sascdn.com
sb-cd.com
sc-cdn.net
sc-gw.com
sc-prod.net
sc-static.net
scarabresearch.com
scdn.co
scene7.com
scopely.io
scorecardresearch.com
sectigo.com
seedtag.com
segment.com
segment.io
semasio.net
sendgrid.net
sense.com
sentinelone.net
sentry.io
servenobid.com
serving-sys.com
sfx.ms
sgsnssdk.com
shalltry.com
sharepoint.com
sharethis.com
sharethrough.com
shein.com
shifen.com
shopee.com.br
shopeemobile.com
shopify.com
shopifysvc.com
signal.org
simpli.fi
singular.net
siriusxm.com
sitescout.com
skype.com
slack.com
smaato.net
smadex.com
smartadserver.com
smartthings.com
smilewanted.com
snackvideo.in
snapchat.com
snapkit.com
snaptube.app
socdm.com
sonicwall.com
sonnen.de
sonnenbatterie.de
sonobi.com
sonos.com
soom.la
sophos.com
sophosupd.com
sophosxl.net
soundcloud.com
spamhaus.org
spankbang.com
spectrum.com
speedtest.net
splashtop.com
split.io
spo-msedge.net
spot.im
spotify.com
spotifycdn.com
spotim.market
spotxchange.com
springserve.com
ssacdn.com
ssl-images-amazon.com
stackadapt.com
startappservice.com
steamcommunity.com
steampowered.com
steamserver.net
steamstatic.com
stickyadstv.com
storygize.net
stripchat.com
stripe.com
strpst.com
supercell.com
supersonicads.com
surfshark.com
svc.ms
svcmot.com
swrve.com
symcb.com
synology.com
t-msedge.net
t.co
tabletcaptiveportal.com
taboola.com
taobao.com
tapad.com
tapjoy.com
tdatamaster.com
teads.tv
tealiumiq.com
teamviewer.com
technoratimedia.com
telegram.org
telephony.goog
temu.com
tencent-cloud.net
tenda.com.cn
tenor.co
thebrighttag.com
thepennyhoarder.com
thrtle.com
tidaltv.com
tiktok.com
tiktokcdn-us.com
tiktokcdn.com
tiktokv.com
tinypass.com
tiqcdn.com
tizen.org
tp-link.com
tplinkcloud.com
tradingview.com
trafficfactory.biz
trafficjunky.net
trafficmanager.net
treasuredata.com
tremorhub.com
trendmicro.com
tribalfusion.com
truecaller.com
trustarc.com
truste.com
trustpilot.com
tsyndicate.com
ttdns2.com
ttlivecdn.com
ttoverseaus.net
ttvnw.net
tubecup.net
tumblr.com
turn.com
tuyaeu.com
tuyaus.com
tvinteractive.tv
twilio.com
twimg.com
twitch.tv
twitchcdn.net
twitter.com
tynt.com
typekit.com
typekit.net
uber.com
ubi.com
ubnt.com
ubuntu.com
ucweb.com
ui.com
uidapi.com
umeng.com
undertone.com
unifi-ai.com
unity3d.com
unmsapp.com
unpkg.com
unrulymedia.com
unsplash.com
upwitheaway.info
urbanairship.com
useinsider.com
userapi.com
usertrust.com
v-mate.mobi
verisign.com
viber.com
vidaahub.com
vidazoo.com
vidoomy.com
vimeo.com
vimeocdn.com
virtualearth.net
visualstudio.com
vivint.ai
vivo.com.cn
vivoglobal.com
vk.com
vmware.com
vungle.com
vzwwo.com
w55c.net
wac-msedge.net
walkme.com
walmart.com
washingtonpost.com
watchguard.com
wattpad.com
wayfair.com
waze.com
wbx2.com
weather.com
webex.com
weborama.fr
webrootcloudav.com
wechat.com
weerrhoop.cc
whatsapp.com
whatsapp.net
whitl12vd.com
wikimedia.org
wikipedia.org
windows.com
windows.net
windowsupdate.com
withgoogle.com
wordpress.com
worldfcdn.com
worldfcdn2.com
wp.com
wsdvs.com
wshareit.com
wunderground.com
wyzecam.com
xboxlive.com
xfinity.com
xhamster.com
xhcdn.com
xiaomi.com
xiaomi.net
xlivrdr.com
xnxx-cdn.com
xnxx.com
xvideos-cdn.com
xvideos.com
yahoo.co.jp
yahoo.com
yahoo.net
yahoodns.net
yammer.com
yandex.com
yandex.net
yandex.ru
yandexadexchange.net
yastatic.net
yellowblue.io
yieldmo.com
yimg.com
yimg.jp
yotpo.com
youtube-nocookie.com
youtube.com
ytimg.com
yximgs.com
zdassets.com
zemanta.com
zendesk.com
zijieapi.com
zoho.com
zoom.us
zopim.com
